$ANSIBLE_VAULT;1.1;AES256
38626665326263396565633631353462646264306630333662346237303361383765373163353062
6165313030323830356136386661363138383764383663340a636362363730393036356566633264
37333638353834306161373536306335356236636665633161396165383234363233316563643731
3663366230303438360a326535616163383338363030666163353333636662626235613164306461
64613034336234366361383434323861363961393638343434656362656632316130363365336630
39636264643864363030396565643533653962353834333131373165373239623431626463386339
33386466636232326438343431346230663361366332353535663561303836623735623465623333
62313339633561353531313564653161323136626430346339323336353738343539366234373036
33663361643335373736646662363537343066383831666339333765346164353062343636653164
62326535373036313561613430336465633564393166343761376165363664396666646232633233
34643865373865643063626266396439333634346437643763333735666334663837343562303933
37363932636132616461306235666638666236363036346565396532663566613732663261353136
65396363386633653535313432393838363839363239396261343861383362343163613032616533
31393462323539366438646566396437616434343430303762623139623136366563333163376561
38633139353831653761333637386137353733636338366538393534666561383165323065323864
38363531363461313966376165313739366137383634383834343164363963303262346664356130
33663365663339336533656330343833653363616533316566313135666437666634353033646165
30393030333765323539613865613132336330666535346461396431333737396238323565636638
62386362643237313766646235386262626561383865363238366535326133306137306332393538
64613539623234373935663166313965646537313566663931643530303434326139336535383266
31656639336636366635353438356135343233323339373230383031346238383030663731363162
31623738396266363433303234613065666666643333363561326437656163643862376135336633
66343234306162336339613961626563646463316663663663396535643066653963313263613630
63623964373132646365643363313930396161383830316334386530393238343039383139663032
61316663616339316536386561303239366364626366633963323830383766306261
